#NoteStart
(0){[0,0,8,18,18]}
(1){[0,0,8,18,18]}
(2){[0,0,8,18,18]}
(3){[0,0,4,18,18]}
(3.25){[0,1,4,22,22]}
(3.5){[0,1,4,24,24]}
(3.75){[0,1,4,26,26]}
(4){[0,1,4,28,28]}
(4){[0,0,4,8,8]}
(5){[0,0,4,28,28]}
(6){[0,0,4,8,8]}
(7){[0,0,4,28,28]}
(7.5){[0,0,6,12,12]}
(8){[0,0,8,18,18]}
(9){[0,0,8,18,18]}
(10){[0,0,8,18,18]}
(11){[0,0,4,18,18]}
(11.25){[0,1,4,14,14]}
(11.5){[0,1,4,12,12]}
(11.75){[0,1,4,10,10]}
(12){[0,1,4,8,8]}
(12){[0,0,4,28,28]}
(13){[0,0,4,8,8]}
(14){[0,0,4,28,28]}
(15){[0,0,4,8,8]}
(15.5){[0,0,6,24,24]}
(16){[0,0,8,18,18]}
(17){[0,0,6,10,10]}
(18){[0,0,6,26,26]}
(19){[0,0,4,32,32]}
(19.25){[0,0,4,16,16]}
(19.5){[0,0,4,24,24]}
(19.75){[0,0,4,8,8]}
(20){[0,0,4,16,16]}
(21){[0,0,4,6,6]}
(22){[0,0,4,28,28]}
(23){[0,0,6,8,8]}
(23){[0,0,6,28,28]}
(23.5){[0,0,6,8,8]}
(23.5){[0,0,6,28,28]}
(24){[0,0,6,8,8]}
(24){[0,0,6,28,28]}
(25){[0,0,6,10,10]}
(26){[0,0,6,26,26]}
(27){[0,0,4,4,4]}
(27.25){[0,0,4,20,20]}
(27.5){[0,0,4,12,12]}
(27.75){[0,0,4,28,28]}
(28){[0,0,4,20,20]}
(29){[0,2,8,18,18]}
(30){[0,3,8,18,18]}
(31){[1,0,8,18,18]}
(32){[0,0,4,24,24]}
(32.5){[0,0,4,24,24]}
(32.75){[0,0,4,12,12]}
(33.25){[0,0,4,30,30]}
(33.5){[0,0,4,6,6]}
(33.75){[0,0,4,30,30]}
(34){[0,0,4,6,6]}
(34.5){[0,0,4,24,24]}
(34.75){[0,0,4,12,12]}
(35.25){[0,0,4,30,30]}
(35.5){[0,0,4,6,6]}
(35.75){[0,0,4,30,30]}
(36){[0,0,4,6,6]}
(36.5){[0,0,4,24,24]}
(36.75){[0,0,4,12,12]}
(37.25){[0,0,4,30,30]}
(37.5){[0,0,4,6,6]}
(37.75){[0,0,4,30,30]}
(38){[0,0,4,6,6]}
(38.5){[0,1,6,18,18]}
(38.75){[0,1,6,12,12]}
(39){[0,1,6,8,8]}
(39.5){[1,1,6,18,18]}
(39.75){[1,1,6,24,24]}
(40){[1,1,6,28,28]}
(40.5){[0,0,4,6,6]}
(40.75){[0,0,4,30,30]}
(41.25){[0,0,4,12,12]}
(41.5){[0,0,4,24,24]}
(41.75){[0,0,4,12,12]}
(42){[0,0,4,24,24]}
(42.5){[0,0,4,6,6]}
(42.75){[0,0,4,30,30]}
(43.25){[0,0,4,12,12]}
(43.5){[0,0,4,24,24]}
(43.75){[0,0,4,12,12]}
(44){[0,0,4,24,24]}
(44.5){[0,0,4,6,6]}
(44.75){[0,0,4,30,30]}
(45.25){[0,0,4,12,12]}
(45.5){[0,0,4,24,24]}
(45.75){[0,0,4,12,12]}
(46){[0,0,4,24,24]}
(46.5){[1,1,6,24,24]}
(46.75){[1,1,6,16,16]}
(47){[1,1,6,8,8]}
(47.5){[0,1,6,8,8]}
(47.75){[0,1,6,16,16]}
(48){[0,1,6,24,24]}
(48.5){[0,2,4,12,12]}
(48.75){[0,3,4,24,24]}
(49.25){[0,0,4,6,6]}
(49.5){[0,0,4,30,30]}
(49.75){[0,0,4,6,6]}
(50){[0,0,4,30,30]}
(50.5){[0,2,4,12,12]}
(50.75){[0,3,4,24,24]}
(51.25){[0,0,4,6,6]}
(51.5){[0,0,4,30,30]}
(51.75){[0,0,4,6,6]}
(52){[0,0,4,30,30]}
(52.5){[0,2,4,12,12]}
(52.75){[0,3,4,24,24]}
(53.25){[0,0,4,6,6]}
(53.5){[0,0,4,30,30]}
(53.75){[0,0,4,6,6]}
(54){[0,0,4,30,30]}
(54.5){[0,5,4,6,6]}
(54.75){[0,0,4,16,16]}
(55.5){[0,5,4,30,30]}
(55.75){[0,0,4,20,20]}
(56.5){[0,3,4,6,6]}
(56.75){[0,2,4,30,30]}
(57.25){[0,0,4,12,12]}
(57.5){[0,0,4,24,24]}
(57.75){[0,0,4,12,12]}
(58){[0,0,4,24,24]}
(58.5){[0,3,4,6,6]}
(58.75){[0,2,4,30,30]}
(59.25){[0,0,4,12,12]}
(59.5){[0,0,4,24,24]}
(59.75){[0,0,4,12,12]}
(60){[0,0,4,24,24]}
(60.5){[0,3,4,12,12]}
(60.75){[0,2,4,24,24]}
(61.25){[0,0,4,6,6]}
(61.5){[0,0,4,30,30]}
(61.75){[0,0,4,6,6]}
(62){[0,0,4,6,30]}
(62.33333){[0,0,4,6,6]}
(62.66666){[0,0,4,6,24]}
(63){[0,0,4,30,12]}
(63.33333){[0,0,4,30,30]}
(63.66666){[0,0,4,30,6]}
(64){[0,0,4,12,12]}
(64.5){[0,0,4,24,24]}
(65){[0,0,4,6,6]}
(65){[0,0,4,30,30]}
(65.5){[0,0,4,22,22]}
(66){[0,0,4,14,14]}
(67){[0,0,4,30,30]}
(67.5){[0,0,4,6,6]}
(68){[0,5,6,30,30]}
(69){[0,5,6,12,12]}
(70){[0,0,6,30,30]}
(70.5){[0,0,4,8,8]}
(70.5){[0,0,4,28,28]}
(71){[0,0,4,12,12]}
(71){[0,0,4,24,24]}
(71.5){[0,0,4,8,8]}
(71.5){[0,0,4,28,28]}
(72){[0,0,4,24,24]}
(72.5){[0,0,4,12,12]}
(73){[0,0,4,6,6]}
(73){[0,0,4,30,30]}
(73.5){[0,0,4,26,26]}
(74){[0,0,4,10,10]}
(75){[0,0,4,4,4]}
(75){[0,0,4,24,24]}
(75.5){[0,0,4,12,12]}
(75.5){[0,0,4,32,32]}
(76){[0,5,4,6,6]}
(76){[0,5,4,32,32]}
(76.5){[0,1,4,14,14]}
(76.5){[0,1,4,24,24]}
(77){[0,1,4,6,6]}
(77){[0,1,4,32,32]}
(78){[0,1,4,18,18]}
(78){[0,1,4,28,28]}
(78.5){[0,1,4,22,22]}
(78.5){[0,1,4,32,32]}
(79){[0,1,4,18,18]}
(79){[0,1,4,28,28]}
(79.5){[0,1,4,14,14]}
(79.5){[0,1,4,24,24]}
(80){[0,0,4,24,24]}
(80.5){[0,0,4,12,12]}
(81){[0,0,4,6,6]}
(81){[0,0,4,30,30]}
(81.5){[0,0,4,26,26]}
(82){[0,0,4,10,10]}
(83){[0,0,4,12,12]}
(83){[0,0,4,32,32]}
(83.5){[0,0,4,4,4]}
(83.5){[0,0,4,24,24]}
(84){[0,5,6,6,6]}
(85){[0,5,6,24,24]}
(86){[0,0,6,12,12]}
(86.5){[0,0,4,8,8]}
(86.5){[0,0,4,28,28]}
(87){[0,0,4,12,12]}
(87){[0,0,4,24,24]}
(87.5){[0,0,4,8,8]}
(87.5){[0,0,4,28,28]}
(88){[0,0,4,12,12]}
(88.5){[0,0,4,24,24]}
(89){[0,0,4,6,6]}
(89){[0,0,4,30,30]}
(89.5){[0,0,4,22,22]}
(90){[0,0,4,14,14]}
(91){[0,2,10,18,18]}
(92){[0,3,10,18,18]}
(93){[0,4,10,18,18]}
(94){[1,1,6,6,6]}
(94.33333){[1,1,6,18,18]}
(94.66666){[1,1,6,30,30]}
(95){[1,1,6,22,22]}
(95.33333){[1,1,6,14,14]}
(95.66666){[1,1,6,6,6]}
(96){[0,0,3,33,33]}
(96){[0,5,3,27,27]}
(96.5){[0,0,3,33,33]}
(97){[0,0,3,27,27]}
(97.5){[0,0,3,21,21]}
(98){[0,0,3,15,15]}
(99){[1,2,3,9,9]}
(100){[1,3,3,9,9]}
(101){[1,2,3,9,9]}
(102){[1,1,3,15,15]}
(102.5){[1,1,3,21,21]}
(103){[1,1,3,27,27]}
(103.5){[1,1,3,33,33]}
(104){[0,0,3,33,33]}
(104.5){[0,0,3,19,19]}
(105){[0,0,3,25,25]}
(105){[0,0,3,11,11]}
(105.5){[0,0,3,29,29]}
(106){[0,0,3,15,15]}
(107){[0,5,3,15,15]}
(107){[0,5,3,21,21]}
(107.5){[0,1,3,21,21]}
(107.5){[0,1,3,27,27]}
(108){[0,1,3,9,9]}
(108){[0,1,3,15,15]}
(109){[0,1,3,27,27]}
(109){[0,1,3,33,33]}
(109.5){[0,1,3,21,21]}
(109.5){[0,1,3,27,27]}
(110){[0,1,3,15,15]}
(110){[0,1,3,21,21]}
(110.5){[0,1,3,9,9]}
(110.5){[0,1,3,15,15]}
(111){[0,1,3,3,3]}
(111){[0,1,3,9,9]}
(111.5){[0,1,3,3,3]}
(111.5){[0,1,3,9,9]}
(112){[0,0,3,3,3]}
(112){[0,5,3,9,9]}
(112.5){[0,0,3,3,3]}
(113){[0,0,3,9,9]}
(113.5){[0,0,3,15,15]}
(114){[0,0,3,21,21]}
(115){[1,3,3,27,27]}
(116){[1,2,3,27,27]}
(117){[1,3,3,27,27]}
(118){[1,1,3,21,21]}
(118.5){[1,1,3,15,15]}
(119){[1,1,3,9,9]}
(119.5){[1,1,3,3,3]}
(120){[0,0,3,19,19]}
(120.5){[0,0,3,33,33]}
(121){[0,0,3,11,11]}
(121){[0,0,3,25,25]}
(121.5){[0,0,3,15,15]}
(122){[0,0,3,29,29]}
(123){[0,0,18,18,18]}
(123.5){[0,0,18,18,18]}
(124){[0,4,9,9,9]}
(124){[0,2,7,27,27]}
(125){[0,2,7,9,9]}
(125){[0,4,9,27,27]}
(126){[0,4,9,9,9]}
(126){[0,3,7,27,27]}
(127){[0,3,7,9,9]}
(127){[0,4,9,27,27]}
(128){[0,0,4,32,32]}
(128.5){[0,0,4,16,16]}
(129){[0,0,4,24,24]}
(129.5){[0,0,4,8,8]}
(130){[0,5,4,16,16]}
(132){[0,0,4,4,4]}
(132.5){[0,0,4,20,20]}
(133){[0,0,4,12,12]}
(133.5){[0,0,4,28,28]}
(134){[0,5,4,20,20]}
(136){[0,0,4,32,32]}
(136.5){[0,0,4,16,16]}
(137){[0,0,4,24,24]}
(137.5){[0,0,4,8,8]}
(138){[0,5,4,24,24]}
(140){[0,0,4,4,4]}
(140.5){[0,0,4,20,20]}
(141){[0,0,4,12,12]}
(141.5){[0,0,4,28,28]}
(142){[0,5,4,12,12]}
(144){[0,0,4,32,32]}
(144.5){[0,0,4,16,16]}
(145){[0,0,4,24,24]}
(145.5){[0,0,4,8,8]}
(146){[0,5,4,16,16]}
(147.5){[0,2,4,24,24]}
(148){[0,0,4,4,4]}
(148.5){[0,0,4,20,20]}
(149){[0,0,4,12,12]}
(149.5){[0,0,4,28,28]}
(150){[0,5,4,20,20]}
(151.5){[0,3,4,12,12]}
(152){[0,0,4,32,32]}
(152.5){[0,0,4,16,16]}
(153){[0,0,4,24,24]}
(153.5){[0,0,4,8,8]}
(154){[0,5,4,16,16]}
(155.5){[0,3,4,24,24]}
(156){[0,0,4,4,4]}
(156.5){[0,0,4,20,20]}
(157){[0,0,4,12,12]}
(157.5){[0,0,4,28,28]}
(158){[0,5,4,20,20]}
(159.5){[0,2,4,12,12]}
(160){[0,0,4,16,6]}
(160){[0,0,4,32,22]}
(161){[0,0,4,4,14]}
(161){[0,0,4,20,30]}
(162){[0,0,4,14,4]}
(162){[0,0,4,38,28]}
(163){[0,0,4,0,10]}
(163){[0,0,4,22,32]}
(164){[0,0,4,14,4]}
(164){[0,0,4,30,20]}
(165){[0,0,4,6,16]}
(165){[0,0,4,22,32]}
(166){[0,0,4,14,4]}
(166){[0,0,4,22,12]}
(167){[0,0,4,14,24]}
(167){[0,0,4,22,32]}
(168){[0,0,4,4,4]}
(168){[0,0,4,18,18]}
(169){[1,4,4,6,6]}
(169){[0,0,4,32,32]}
(170){[0,0,4,18,18]}
(170){[0,0,4,32,32]}
(171){[0,0,4,4,4]}
(171){[1,4,4,18,18]}
(172){[0,0,4,4,4]}
(172){[0,0,4,18,18]}
(173){[1,0,4,18,18]}
(173){[0,0,4,32,32]}
(174){[0,0,4,18,18]}
(174){[0,0,4,32,32]}
(175){[0,0,4,4,4]}
(175){[1,0,4,18,18]}
(176){[0,0,4,32,32]}
(176.5){[0,0,4,8,8]}
(177){[0,0,4,24,24]}
(177.5){[0,0,4,16,16]}
(178){[0,5,4,24,24]}
(179){[0,5,4,20,20]}
(180.5){[0,0,4,24,24]}
(181){[0,0,4,12,12]}
(181.5){[0,0,4,32,32]}
(182){[0,5,4,4,4]}
(183){[0,5,4,32,32]}
(184.5){[0,0,6,10,10]}
(185){[0,0,6,6,6]}
(185){[0,0,6,28,28]}
(185.5){[0,0,6,12,12]}
(185.5){[0,0,6,22,22]}
(186){[0,0,6,6,6]}
(186){[0,0,6,28,28]}
(187){[0,0,4,24,24]}
(187.5){[0,0,4,12,12]}
(188){[0,0,4,28,28]}
(188.5){[0,0,4,8,8]}
(189){[0,0,4,32,32]}
(189.5){[0,0,4,4,4]}
(190){[0,0,5,27,17]}
(190.33333){[0,0,5,15,5]}
(190.66666){[0,0,5,27,17]}
(191){[0,0,5,9,19]}
(191.33333){[0,0,5,21,31]}
(191.66666){[0,0,5,9,19]}
(192){[0,5,12,12,12]}
(196){[0,5,12,24,24]}
(200){[0,5,12,12,12]}
(204){[0,5,12,22,22]}
(208){[0,5,6,8,8]}
(210){[0,0,6,28,28]}
(212){[0,5,6,28,28]}
(214){[0,0,6,8,8]}
(216){[0,5,6,28,28]}
(218){[0,0,6,8,8]}
(220){[0,5,6,8,8]}
(222){[0,0,6,28,28]}
#NoteEnd(250)

#HoldData
(0,0){[0,54.5,4,6,6];[1,55,4,6,6]}
(0,0){[0,55.5,4,30,30];[1,56,4,30,30]}
(0,0){[0,68,6,30,30];[1,69,6,24,24]}
(0,0){[0,69,6,12,12];[1,70,6,6,6]}
(0,1){[0,76,4,6,6];[1,76.5,4,14,14];[2,77,4,6,6];[3,77.5,4,14,14]}}
(0,1){[0,76,4,32,32];[1,76.5,4,24,24];[2,77,4,32,32];[3,77.5,4,24,24]}}
(0,0){[0,84,6,6,6];[1,85,6,12,12]}
(0,0){[0,85,6,24,24];[1,86,6,30,30]}
(0,0){[0,96,3,27,27];[0,96.5,3,27,27];[0,98,3,3,3];[0,102,3,3,3];[0,103.5,3,27,27]}
(0,1){[0,107,3,15,15];[1,107.5,3,21,21];[2,108,3,9,9];[3,108.5,3,27,27]}}
(0,1){[0,107,3,21,21];[1,107.5,3,27,27];[2,108,3,15,15];[3,108.5,3,33,33]}}
(0,0){[0,112,3,9,9];[0,112.5,3,9,9];[0,114,3,33,33];[0,118,3,33,33];[0,119.5,3,9,9]}
(0,0){[0,130,4,16,16];[1,131,4,20,20]}
(0,0){[0,134,4,20,20];[1,135,4,16,16]}
(0,0){[0,138,4,24,24];[1,139,4,20,20]}
(0,0){[0,142,4,12,12];[1,143,4,16,16]}
(0,2){[0,146,4,16,16];[1,147,4,32,32]}
(0,3){[0,150,4,20,20];[1,151,4,4,4]}
(0,2){[0,154,4,16,16];[1,155,4,32,32]}
(0,3){[0,158,4,20,20];[1,159,4,4,4]}
(0,0){[0,169,4,6,6];[1,169.5,4,32,32]}
(0,0){[0,171,4,32,32];[1,171.5,4,18,18]}
(0,2){[0,178,4,24,24];[1,179,4,30,30]}
(0,3){[0,179,4,20,20];[1,180,4,14,14]}
(0,2){[0,182,4,4,4];[1,183,4,12,12]}
(0,3){[0,183,4,32,32];[1,184,4,20,20]}
(0,3){[0,192,12,12,12];[1,194,4,4,4]}
(0,2){[0,196,12,24,24];[1,198,4,32,32]}
(0,3){[0,200,12,12,12];[1,202,4,20,20]}
(0,2){[0,204,12,24,24];[1,206,4,16,16]}
(0,4){[0,208,6,8,8];[1,210,6,8,8]}
(0,4){[0,212,6,28,28];[1,214,6,28,28]}
(0,0){[0,216,6,28,28];[1,218,6,28,28]}
(0,0){[0,220,6,8,8];[1,222,6,8,8]}
#HoldDataEnd